104 1
137 1
138 1
285 1
40 1
193 1
236 1
241 1
185 1
379 1
309 1
13 1
140 1
162 1
99 1
187 1
44 1
168 1
22 1
229 1
355 1
328 1
142 1
116 1
132 1
114 1
353 1
85 1
134 1
358 1
211 1
173 1
207 1
261 1
183 1
352 1
64 1
136 2
284 2
315 2
316 2
314 2
194 2
188 2
2 2
354 2
105 2
141 2
176 2
361 2
156 2
357 2
235 2
117 2
133 2
119 2
115 2
8 2
359 2
327 2
135 2
220 2
230 2
63 2
283 2
15 2
150 2
350 2
86 3
313 3
362 3
57 3
100 3
118 3
9 3
53 3
158 3
263 3
139 3
170 3
184 3
212 3
346 3
222 3
36 3
296 3
349 3
382 4
195 4
360 4
112 4
55 4
14 4
322 4
157 4
210 4
256 4
217 4
25 4
272 4
130 4
143 4
383 5
186 5
113 5
33 5
7 5
56 5
102 5
165 5
208 5
181 5
213 5
290 5
68 5
260 5
381 6
265 6
52 6
174 6
3 6
108 6
26 6
163 6
218 6
216 6
345 6
302 6
380 7
51 7
317 7
209 7
262 7
166 7
270 7
159 7
69 7
204 7
337 7
225 7
1 8
227 8
146 8
111 8
175 8
267 8
219 8
257 8
205 8
62 8
215 8
172 9
54 9
106 9
289 9
221 9
67 9
271 9
80 9
48 9
190 9
96 10
4 10
288 10
167 10
268 10
343 10
29 10
82 10
109 10
131 10
60 10
226 11
10 11
27 11
344 11
58 11
312 11
341 11
147 11
291 11
95 11
245 11
348 11
75 11
231 11
94 12
11 12
171 12
23 12
282 12
41 12
276 12
333 12
335 12
203 12
107 13
164 13
6 13
66 13
224 13
332 13
280 13
336 13
274 13
206 13
24 14
273 14
338 14
5 14
110 14
65 14
177 14
279 14
28 14
304 14
325 14
264 15
269 15
98 15
303 15
347 15
244 15
294 15
32 15
161 15
59 16
320 16
182 16
12 16
287 16
342 16
76 16
242 16
160 17
199 17
196 17
323 17
45 17
351 17
47 17
50 17
286 18
266 18
101 18
324 18
49 18
73 18
299 18
310 18
198 18
277 19
275 19
43 19
281 19
297 19
61 19
92 19
214 19
318 19
34 19
278 20
93 20
202 20
298 20
169 20
243 20
200 20
16 20
127 20
97 21
300 21
78 21
90 21
178 21
251 21
17 22
258 22
197 22
189 22
129 22
148 22
329 22
248 23
259 23
223 23
292 23
71 23
308 23
144 23
79 24
179 24
81 24
293 24
35 24
42 25
77 25
70 25
91 25
305 25
321 26
334 26
88 26
232 26
180 26
153 26
31 27
307 27
319 27
192 27
239 27
301 27
154 27
253 27
72 28
46 28
311 28
89 28
201 28
103 28
191 28
74 29
149 29
84 29
120 29
37 30
255 30
126 30
155 30
237 30
38 31
295 31
20 31
122 31
247 32
326 32
128 32
238 32
363 32
83 33
249 33
39 33
30 33
254 34
87 34
151 34
356 35
306 35
145 35
378 35
330 36
331 36
152 36
246 37
123 37
377 37
124 38
339 38
228 38
18 38
340 39
252 39
21 40
240 40
125 40
19 41
121 41
365 41
250 42
384 42
385 42
233 42
376 43
364 43
366 43
369 43
367 43
368 43
234 44
372 45
373 45
370 45
375 45
371 45
374 45
